====================== ALPHA-CUT ==============================
1 0.8416876048223001
10 0.8416876048223001
100 0.8416876048222999
1000 0.8416876048223
10000 0.8416876048223001
100000 0.8416876048222999
1000000 0.8416876048223002
10000000 0.8416876048223001
100000000 0.8416876048223
1000000000 0.8416876048223001
10000000000 0.8416876048223
100000000000 0.8416876048223001
1000000000000 0.8416876048223001
10000000000000 0.8416876048223001
100000000000000 0.8416876048223002


====================== STANDARD-APPROX ==============================
1 0.875
10 0.875
100 0.875
1000 0.875
10000 0.875
100000 0.875
1000000 0.875
10000000 0.875
100000000 0.875
1000000000 0.875
10000000000 0.875
100000000000 0.875
1000000000000 0.875
10000000000000 0.875
100000000000000 0.875
1000000000000000 0.875
10000000000000000 0.875
100000000000000000 0.875

====================== EXTENSION-PRINCIPLE ==============================
1 0.75 0.0000000000
10 0.75 0.0000000000
100 0.8275862068965516 0.0000000000
1000 0.8275862068965516 0.0000000000
10000 0.8395953757225435 0.0009987354
100000 0.8395953757225434 0.0000000000
1000000 0.8415143227292355 0.0019991398
10000000 0.8415143227292355 0.0015039444
100000000 0.8416780559351978 0.0260477066
1000000000 0.8416780559351978 0.0279004574
10000000000 0.8416872306596542 0.2515377998
100000000000 0.8416872306596543 0.2753710747
1000000000000 0.8416872805624269 2.6549453735
10000000000000 0.8416872805624269 3.1665611267
100000000000000 0.8416875780562526 25.8371536732
1000000000000000 0.8416875780562526 27.2227876186
10000000000000000 0.8416876028056254 389.5938761234
100000000000000000 0.8416876028056254 397.4949958324

====================== NAIVE ==============================
1 0.875
10 0.875
100 0.875
1000 0.875
10000 0.875
100000 0.875
1000000 0.875
10000000 0.875
100000000 0.875
1000000000 0.875
10000000000 0.875
100000000000 0.875
1000000000000 0.875
10000000000000 0.875
100000000000000 0.875
1000000000000000 0.875
10000000000000000 0.875
100000000000000000 0.875

